363,15,364,70,645,69,646,14,POREE
654,13,654,69,785,71,784,15,博锐
612,108,542,140,542,219,643,216,1
667,129,658,175,754,169,759,125,周年
647,178,644,211,768,200,770,170,博锐品牌
481,242,483,348,669,347,668,236,14.0
404,305,404,343,479,343,479,305,爆
676,307,676,345,750,343,750,307,5合
411,358,410,427,699,430,701,360,双头剃换
444,464,443,532,748,532,750,465,内置插头
219,575,217,588,245,581,248,580,Cha
181,639,182,657,303,639,301,621,POREE携锁
489,618,488,770,666,765,663,618,2
221,668,222,683,268,675,267,662,PS105
749,676,669,675,666,773,746,773,N
449,731,409,731,408,772,448,773,信
